[38;2;0;0;0m                             [38;2;14;4;0m [38;2;4;1;0m [38;2;0;0;0m                             [0m
[38;2;0;0;0m                   [38;2;15;4;0m [38;2;2;1;0m [38;2;0;0;0m  [38;2;57;16;0m [38;2;189;57;0m░[38;2;131;39;0m [38;2;14;4;0m [38;2;4;1;0m [38;2;124;36;0m [38;2;241;74;0m░[38;2;192;59;0m░[38;2;25;9;0m [38;2;2;1;0m [38;2;78;22;0m [38;2;188;56;0m░[38;2;126;37;0m [38;2;6;1;0m [38;2;0;0;0m  [38;2;17;4;0m [38;2;0;0;0m                    [0m
[38;2;0;0;0m                  [38;2;47;13;0m [38;2;225;69;0m░[38;2;203;61;0m░[38;2;111;33;0m [38;2;43;13;0m [38;2;213;65;0m░[38;2;247;76;0m░░[38;2;223;68;0m░[38;2;179;54;0m░[38;2;247;76;0m░░░[38;2;211;65;0m░[38;2;187;57;0m░[38;2;245;75;0m░[38;2;247;76;0m░[38;2;245;75;0m░[38;2;98;28;0m [38;2;72;20;0m [38;2;170;52;0m░[38;2;226;69;0m░[38;2;132;37;0m [38;2;0;0;0m                   [0m
[38;2;0;0;0m              [38;2;88;27;0m [38;2;157;47;0m░[38;2;106;33;0m [38;2;47;14;0m [38;2;132;39;0m [38;2;247;76;0m░░░░░░░░░░░░░░░░░░░░░[38;2;213;65;0m░[38;2;29;8;0m [38;2;83;27;0m [38;2;141;42;0m░[38;2;141;44;0m░[38;2;15;4;0m [38;2;0;0;0m              [0m
[38;2;0;0;0m              [38;2;164;46;0m░[38;2;247;76;0m░░░░░░░░░░░░░░░░░░░░░░░░░░░░░[38;2;236;73;0m░[38;2;31;9;0m [38;2;0;0;0m              [0m
[38;2;0;0;0m          [38;2;116;35;0m [38;2;230;71;0m░[38;2;207;61;0m░[38;2;171;50;0m░[38;2;208;64;0m░[38;2;247;76;0m░░░░░░░░░░░░░░░░░░░░░░░░░░░░░[38;2;237;73;0m░[38;2;180;48;0m░[38;2;193;58;0m░[38;2;225;69;0m░[38;2;189;59;0m░[38;2;14;4;0m [38;2;0;0;0m          [0m
[38;2;0;0;0m          [38;2;74;21;0m [38;2;248;76;0m░[38;2;247;76;0m░░░░░░░░░░░░░░░░░░░░░░░░░░░░░░░░░░░░[38;2;164;49;0m░[38;2;0;0;0m           [0m
[38;2;0;0;0m       [38;2;137;41;0m░[38;2;194;60;0m░[38;2;196;59;0m░[38;2;188;57;0m░[38;2;242;75;0m░[38;2;247;76;0m░░░░░░░░░░░░░░░░░░░░░░░░░░░░░░░░░░░░[38;2;211;64;0m░[38;2;189;56;0m░[38;2;195;60;0m░[38;2;181;54;0m░[38;2;26;8;0m [38;2;0;0;0m       [0m
[38;2;0;0;0m       [38;2;92;25;0m [38;2;243;75;0m░[38;2;247;76;0m░░░░░░░░░░░░░░░░░░░░░░░░░░░░░░░░░░░░░░░░░░[38;2;170;52;0m░[38;2;6;2;0m [38;2;0;0;0m       [0m
[38;2;0;0;0m    [38;2;6;1;0m [38;2;73;21;0m [38;2;102;30;0m [38;2;125;39;0m [38;2;221;68;0m░[38;2;247;76;0m░░░░░░░░░░░░░░░░░░░░░░░░░░░░░░░░░░░░░░░░░░[38;2;150;48;0m░[38;2;109;34;0m [38;2;91;26;0m [38;2;29;10;0m [38;2;0;0;0m     [0m
[38;2;0;0;0m    [38;2;30;9;0m [38;2;210;64;0m░[38;2;247;76;0m░░░░░░░░░░░░░░░░░[38;2;247;86;19m░[38;2;244;151;117m▒[38;2;172;100;69m░[38;2;108;33;0m [38;2;155;47;0m░[38;2;241;74;0m░[38;2;247;76;0m░░░░[38;2;243;75;1m░[38;2;243;133;89m▒[38;2;215;143;112m▒[38;2;113;42;12m [38;2;162;49;0m░[38;2;244;75;0m░[38;2;247;76;0m░░░░░░░░░░░░░░[38;2;239;74;0m░[38;2;98;29;0m [38;2;0;0;0m     [0m
[38;2;0;0;0m     [38;2;26;6;0m [38;2;201;62;0m░[38;2;247;76;0m░░░░░░░░░░░░░░░[38;2;245;75;0m░[38;2;181;138;125m▒[38;2;255;255;255m█[38;2;232;232;232m▓[38;2;4;4;4m [38;2;0;0;0m [38;2;83;24;0m [38;2;247;76;0m░░░░[38;2;111;46;19m [38;2;249;249;249m▓[38;2;255;255;255m█[38;2;83;83;83m░[38;2;0;0;0m [38;2;104;31;0m [38;2;247;76;0m░░░░░░░░░░░░░[38;2;237;73;0m░[38;2;85;24;0m [38;2;0;0;0m      [0m
[38;2;0;0;0m   [38;2;2;1;0m [38;2;75;24;0m [38;2;206;62;0m░[38;2;247;76;0m░░░░░░░░░░░░░░░░[38;2;223;68;0m░[38;2;13;7;6m [38;2;74;74;74m░[38;2;38;38;38m [38;2;0;0;0m  [38;2;34;9;0m [38;2;247;76;0m░░░░[38;2;37;10;0m [38;2;38;38;38m [38;2;55;55;55m [38;2;1;1;1m [38;2;0;0;0m [38;2;29;8;0m [38;2;247;76;0m░░░░░░░░░░░░░░[38;2;236;73;0m░[38;2;156;48;0m░[38;2;63;19;0m [38;2;4;2;0m [38;2;0;0;0m   [0m
[38;2;0;0;0m  [38;2;41;13;0m [38;2;176;53;0m░[38;2;245;75;0m░[38;2;247;76;0m░░[38;2;244;75;0m░[38;2;243;74;0m░[38;2;247;76;0m░░░░░░░░░░░░░░[38;2;179;55;0m░[38;2;64;19;0m [38;2;8;2;0m [38;2;6;1;0m [38;2;52;15;0m [38;2;185;56;0m░[38;2;247;76;0m░░░░[38;2;202;62;0m░[38;2;62;18;0m [38;2;17;5;0m [38;2;33;10;0m [38;2;93;28;0m [38;2;200;61;0m░[38;2;247;76;0m░░░░░░░░░░[38;2;246;76;0m░[38;2;239;73;0m░[38;2;240;73;0m░[38;2;247;76;0m░░░░[38;2;212;64;0m░[38;2;111;34;0m [38;2;7;2;0m [38;2;0;0;0m [0m
[38;2;0;0;0m [38;2;23;8;0m [38;2;227;70;0m░[38;2;247;76;0m░░░[38;2;212;65;0m░[38;2;117;32;0m [38;2;166;43;0m░[38;2;178;48;0m░[38;2;183;51;0m░[38;2;218;64;0m░[38;2;247;76;0m░░░░░░░░░[38;2;227;70;0m░[38;2;187;57;0m░[38;2;171;52;0m░[38;2;185;56;0m░[38;2;219;67;0m░[38;2;245;75;0m░[38;2;247;76;0m░░░░░░[38;2;246;76;0m░[38;2;207;63;0m░[38;2;199;61;0m░[38;2;202;62;0m░[38;2;205;63;0m░[38;2;216;66;0m░[38;2;247;76;0m░░░░░░[38;2;241;74;0m░[38;2;247;76;0m░░░[38;2;180;50;0m░[38;2;124;30;0m [38;2;163;42;0m░[38;2;157;41;0m░[38;2;168;50;0m░[38;2;247;76;0m░░░[38;2;172;53;0m░[38;2;11;3;0m [38;2;0;0;0m [0m
[38;2;0;0;0m  [38;2;36;11;0m [38;2;173;52;0m░[38;2;245;75;0m░[38;2;247;76;0m░[38;2;243;75;0m░[38;2;99;30;0m [38;2;64;17;0m [38;2;152;40;0m░[38;2;126;32;0m [38;2;40;9;0m [38;2;131;38;0m [38;2;241;74;0m░[38;2;247;76;0m░[38;2;234;71;0m░[38;2;196;56;0m░[38;2;200;57;0m░[38;2;209;61;0m░[38;2;194;59;0m░[38;2;188;57;0m░[38;2;203;62;0m░[38;2;238;73;0m░[38;2;245;75;0m░[38;2;229;70;0m░[38;2;182;55;0m░[38;2;151;45;0m░[38;2;161;49;0m░[38;2;240;74;0m░[38;2;247;76;0m░░[38;2;239;73;0m░[38;2;176;53;0m░[38;2;182;55;0m░[38;2;232;71;0m░[38;2;247;76;0m░░░[38;2;234;72;0m░[38;2;197;60;0m░[38;2;193;58;0m░[38;2;210;61;0m░[38;2;199;57;0m░[38;2;189;52;0m░[38;2;203;58;0m░[38;2;235;71;0m░[38;2;247;76;0m░[38;2;237;73;0m░[38;2;120;35;0m [38;2;16;4;0m [38;2;135;36;0m [38;2;145;37;0m░[38;2;41;10;0m [38;2;195;59;0m░[38;2;247;76;0m░[38;2;245;76;0m░[38;2;147;46;0m░[38;2;11;4;0m [38;2;0;0;0m  [0m
[38;2;0;0;0m   [38;2;2;0;0m [38;2;78;24;0m [38;2;195;60;0m░[38;2;245;75;0m░[38;2;241;74;0m░[38;2;112;35;0m [38;2;27;6;0m [38;2;117;29;0m [38;2;133;34;0m [38;2;20;5;0m [38;2;65;20;0m [38;2;196;61;0m░[38;2;247;76;0m░[38;2;240;74;0m░[38;2;196;60;0m░[38;2;197;60;0m░[38;2;244;75;0m░[38;2;247;76;0m░░░░░░░[38;2;233;72;0m░[38;2;153;46;0m░[38;2;148;42;0m░[38;2;155;44;0m░[38;2;163;49;0m░[38;2;228;71;0m░[38;2;231;72;0m░[38;2;229;71;0m░[38;2;240;74;0m░[38;2;247;76;0m░░░░[38;2;231;71;0m░[38;2;186;56;0m░[38;2;204;63;0m░[38;2;238;73;0m░[38;2;247;76;0m░[38;2;225;68;0m░[38;2;131;40;0m [38;2;26;8;0m [38;2;8;1;0m [38;2;123;32;0m [38;2;113;29;0m [38;2;18;4;0m [38;2;124;37;0m [38;2;247;76;0m░[38;2;233;70;0m░[38;2;89;25;0m [38;2;0;0;0m    [0m
[38;2;0;0;0m     [38;2;2;1;0m [38;2;76;23;0m [38;2;199;57;0m░[38;2;247;76;0m░[38;2;163;49;0m░[38;2;20;6;0m [38;2;56;14;0m [38;2;116;30;0m [38;2;15;3;0m [38;2;2;1;0m [38;2;68;21;0m [38;2;169;50;0m░[38;2;228;69;0m░[38;2;247;76;0m░░░░[38;2;225;69;0m░[38;2;147;44;0m░[38;2;87;26;0m [38;2;66;21;0m [38;2;53;15;0m [38;2;50;16;0m [38;2;42;10;0m [38;2;13;3;0m [38;2;17;4;0m [38;2;19;5;0m [38;2;5;0;0m [38;2;0;0;0m [38;2;14;3;0m [38;2;19;6;0m [38;2;93;27;0m [38;2;217;67;0m░[38;2;247;76;0m░░░░[38;2;203;63;0m░[38;2;135;40;0m░[38;2;65;21;0m [38;2;7;2;0m [38;2;0;0;0m  [38;2;91;23;0m [38;2;69;18;0m [38;2;2;0;0m [38;2;82;25;0m [38;2;242;74;0m░[38;2;192;60;0m░[38;2;42;13;0m [38;2;0;0;0m     [0m
[38;2;0;0;0m       [38;2;7;1;0m [38;2;71;23;0m [38;2;199;62;0m░[38;2;203;62;0m░[38;2;28;7;0m [38;2;13;2;0m [38;2;11;2;0m [38;2;0;0;0m   [38;2;8;1;0m [38;2;45;15;0m [38;2;193;60;0m░[38;2;247;76;0m░░░░[38;2;215;66;0m░[38;2;157;47;0m░[38;2;109;33;0m [38;2;78;22;0m [38;2;36;10;0m [38;2;0;0;0m [38;2;9;2;0m [38;2;18;4;0m [38;2;36;9;0m [38;2;69;21;0m [38;2;127;37;0m [38;2;199;62;0m░[38;2;245;75;0m░[38;2;247;76;0m░░░[38;2;195;60;0m░[38;2;76;22;0m [38;2;2;1;0m [38;2;0;0;0m    [38;2;3;0;0m [38;2;25;6;0m [38;2;0;0;0m [38;2;49;14;0m [38;2;230;70;0m░[38;2;137;42;0m░[38;2;10;2;0m [38;2;0;0;0m      [0m
[38;2;0;0;0m         [38;2;4;2;0m [38;2;97;30;0m [38;2;178;56;0m░[38;2;17;4;0m [38;2;0;0;0m      [38;2;4;1;0m [38;2;81;25;0m [38;2;184;56;0m░[38;2;241;74;0m░[38;2;247;76;0m░░░░[38;2;201;62;0m░[38;2;57;16;0m [38;2;0;0;0m [38;2;36;11;0m [38;2;149;45;0m░[38;2;217;66;0m░[38;2;241;74;0m░[38;2;247;76;0m░░[38;2;235;72;0m░[38;2;202;62;0m░[38;2;142;44;0m░[38;2;62;17;0m [38;2;4;0;0m [38;2;0;0;0m         [38;2;167;53;0m░[38;2;106;29;0m [38;2;0;0;0m        [0m
[38;2;0;0;0m           [38;2;6;2;0m [38;2;2;0;0m [38;2;0;0;0m         [38;2;29;8;0m [38;2;82;25;0m [38;2;107;32;0m [38;2;100;31;0m [38;2;50;15;0m [38;2;7;2;0m [38;2;0;0;0m     [38;2;20;6;0m [38;2;36;12;0m [38;2;31;10;0m [38;2;18;3;0m [38;2;0;0;0m             [38;2;10;2;0m [38;2;0;0;0m         [0m